0.492806 -0.869677 0.0283495 0.699103 0.870006 0.493038 0.00141111 0.547128 -0.0152046 0.0239688 0.999597 0.779446
0.49105 -0.870703 0.0273402 1.09555 0.871019 0.491248 0.000627138 1.30983 -0.0139769 0.0235059 0.999626 0.7815
0.48929 -0.871724 0.0263339 1.49211 0.872028 0.489456 -0.000161165 2.07272 -0.0127488 0.0230428 0.999653 0.783553
0.487528 -0.87274 0.0253312 1.88857 0.873031 0.487663 -0.00095341 2.83544 -0.011521 0.0225798 0.999679 0.785604
0.485763 -0.873752 0.024332 2.28493 0.87403 0.485869 -0.00174955 3.59796 -0.0102935 0.0221168 0.999702 0.787653
0.483996 -0.874759 0.0233359 2.68139 0.875023 0.484074 -0.00254997 4.36065 -0.00906569 0.0216536 0.999724 0.789701
0.482225 -0.875762 0.0223431 3.07784 0.876012 0.482277 -0.00335446 5.12333 -0.00783787 0.0211904 0.999745 0.791747
0.480565 -0.87665 0.0232866 3.47362 0.876925 0.48061 -0.00401009 5.88299 -0.0076763 0.0223477 0.999721 0.792662
0.478683 -0.87775 0.0204598 3.87054 0.877971 0.478688 -0.00496788 6.64819 -0.0054333 0.0203412 0.999778 0.795781
0.477284 -0.878556 0.0184031 4.27015 0.878745 0.477243 -0.00686302 7.42101 -0.00275319 0.0194472 0.999807 0.798818
0.475569 -0.879562 0.0143053 4.66982 0.879678 0.475521 -0.0068145 8.20592 -0.000808696 0.0158249 0.999874 0.803276
0.474329 -0.880248 0.0132121 5.07688 0.880347 0.474292 -0.00604467 8.99865 -0.000945582 0.0144984 0.999894 0.807546
0.472888 -0.881008 0.0142354 5.48795 0.881119 0.472871 -0.00474069 9.79953 -0.00255493 0.0147849 0.999887 0.812885
0.471519 -0.881732 0.0147828 5.90473 0.881847 0.471523 -0.00340713 10.6045 -0.00396623 0.0146427 0.999885 0.816849
0.470459 -0.882287 0.0154489 6.32081 0.882411 0.47047 -0.00315605 11.4158 -0.00448371 0.0151171 0.999876 0.819199
0.468958 -0.883093 0.0150211 6.74047 0.883212 0.468959 -0.0036732 12.2291 -0.0038005 0.0149894 0.99988 0.821368
0.468012 -0.88358 0.0158237 7.16112 0.883718 0.467989 -0.00541075 13.0455 -0.00262447 0.016516 0.99986 0.82384
0.467262 -0.883958 0.016851 7.58688 0.88411 0.467258 -0.00440531 13.8693 -0.00397967 0.0169566 0.999848 0.825933
0.467129 -0.884019 0.0173616 8.0127 0.884154 0.467196 -0.000274735 14.7015 -0.00786838 0.0154786 0.999849 0.830717
0.467689 -0.8837 0.0184801 8.442 0.883817 0.467821 0.00335548 15.536 -0.0116106 0.0147637 0.999824 0.836095
0.468863 -0.88303 0.0206372 8.87638 0.883155 0.469052 0.00525927 16.3731 -0.014324 0.01576 0.999773 0.836651
0.470097 -0.882356 0.021373 9.31236 0.882479 0.470312 0.00615442 17.213 -0.0154824 0.015968 0.999753 0.833077
0.47122 -0.881788 0.02003 9.74985 0.881917 0.471386 0.00429228 18.0546 -0.0132268 0.0156422 0.99979 0.828277
0.472196 -0.881337 0.0166164 10.1895 0.881456 0.472266 0.000316469 18.9005 -0.0081263 0.0144972 0.999862 0.824851
0.473348 -0.880743 0.0152862 10.6341 0.880864 0.47336 -0.00306271 19.7505 -0.00453841 0.0149148 0.999878 0.822909
0.474016 -0.880337 0.0177972 11.0856 0.880499 0.474035 -0.00340213 20.6079 -0.00544148 0.0172831 0.999836 0.823813
0.47371 -0.880411 0.0217918 11.5406 0.880621 0.473821 -0.000107113 21.4722 -0.0102311 0.0192411 0.999763 0.823818
0.472828 -0.880752 0.026643 11.9974 0.881038 0.47304 0.00194493 22.3397 -0.0143162 0.0225539 0.999643 0.823189
0.471953 -0.880993 0.0333507 12.4607 0.881509 0.472164 -0.00172676 23.2027 -0.0142257 0.0302139 0.999442 0.81792
0.470705 -0.881635 0.0340171 12.9182 0.882231 0.470771 -0.00652686 24.0697 -0.01026 0.0330832 0.9994 0.810504
0.469498 -0.882378 0.0313101 13.3716 0.882914 0.469427 -0.0100568 24.9441 -0.0058239 0.0323657 0.999459 0.807284
0.467851 -0.883298 0.0300035 13.8342 0.883797 0.467738 -0.0111058 25.842 -0.004224 0.0317128 0.999488 0.816868
0.466834 -0.883798 0.0311064 14.3174 0.884322 0.466785 -0.0092602 26.7836 -0.00633585 0.0318311 0.999473 0.850202
0.465799 -0.884386 0.0298722 14.791 0.884841 0.465866 -0.00510241 27.7164 -0.0094039 0.0288088 0.999541 0.875814
0.464629 -0.884993 0.030127 15.2655 0.885444 0.464729 -0.00401181 28.6477 -0.0104505 0.0285398 0.999538 0.899601
0.463646 -0.885495 0.0305236 15.7362 0.885931 0.463814 -0.00173826 29.57 -0.0126181 0.0278478 0.999533 0.91423
0.463423 -0.885526 0.0329029 16.2076 0.885985 0.463712 0.00131853 30.4954 -0.0164251 0.0285404 0.999458 0.928517
0.462932 -0.885929 0.0286987 16.6637 0.886209 0.463255 0.00543462 31.413 -0.0181095 0.0229172 0.999573 0.932559
0.462953 -0.885937 0.0281228 17.1229 0.886189 0.463282 0.00620278 32.3289 -0.0185241 0.0220505 0.999585 0.936184
0.46288 -0.885992 0.0275842 17.5802 0.886261 0.463164 0.00460866 33.2327 -0.0168593 0.0223135 0.999609 0.934295
0.463145 -0.885952 0.0242028 18.0303 0.88617 0.463349 0.00327668 34.1344 -0.0141173 0.0199302 0.999702 0.937048
0.462366 -0.886363 0.0240424 18.4837 0.886582 0.462561 0.00300533 35.0287 -0.0137849 0.019926 0.999706 0.943843
0.461154 -0.886922 0.0265771 18.9394 0.887189 0.461394 0.00338187 35.9211 -0.0152619 0.0220193 0.999641 0.948186
0.460352 -0.88733 0.0268639 19.3878 0.887589 0.460617 0.00431695 36.8121 -0.0162045 0.0218567 0.99963 0.954867
0.460141 -0.887535 0.0235066 19.8273 0.887731 0.460346 0.00388124 37.6975 -0.0142659 0.0190816 0.999716 0.959881
0.459651 -0.887864 0.0204658 20.2641 0.888053 0.45974 -0.000399462 38.5757 -0.00905427 0.0183583 0.99979 0.962447
0.459248 -0.888094 0.019517 20.7052 0.888273 0.459314 -0.00121411 39.4544 -0.0078862 0.017894 0.999809 0.964428
0.458886 -0.888239 0.0213241 21.149 0.888427 0.459015 0.00132014 40.3329 -0.0109607 0.0183392 0.999772 0.973669
0.458531 -0.88832 0.0252141 21.5908 0.888568 0.458737 0.00272737 41.2056 -0.0139894 0.0211538 0.999678 0.97767
0.458249 -0.888417 0.0268981 22.0291 0.888697 0.458485 0.00300995 42.0744 -0.0150065 0.022525 0.999634 0.980182
0.458141 -0.888401 0.0291571 22.4655 0.888766 0.45836 0.000960606 42.9347 -0.0142179 0.0254737 0.999574 0.979619
0.457725 -0.888543 0.0313008 22.9063 0.889006 0.45789 -0.00209638 43.794 -0.0124696 0.0287862 0.999508 0.978237
0.456669 -0.889023 0.0330363 23.3405 0.88954 0.456852 -0.00220577 44.6506 -0.0131317 0.0303944 0.999452 0.977226
0.455556 -0.889412 0.0376093 23.7776 0.890038 0.455886 0.000222034 45.5106 -0.017343 0.0333726 0.999292 0.97391
0.454854 -0.889582 0.0418448 24.2084 0.890275 0.455403 0.0041447 46.3724 -0.0227433 0.0353682 0.999116 0.965966
0.454281 -0.889879 0.0417669 24.6298 0.890507 0.45492 0.00677398 47.2289 -0.0250286 0.0341165 0.999104 0.95763
0.453043 -0.890625 0.0392323 25.0496 0.891203 0.453573 0.00535717 48.0736 -0.022566 0.0325369 0.999216 0.951182
0.45201 -0.891361 0.0341054 25.4656 0.891895 0.452241 -0.00105802 48.902 -0.0144808 0.0308967 0.999418 0.944566
0.451231 -0.891887 0.0304644 25.8785 0.892368 0.45127 -0.00598573 49.7217 -0.00840908 0.0298864 0.999518 0.942878
0.450045 -0.892618 0.0263001 26.279 0.892959 0.450128 -0.00301713 50.5429 -0.00914528 0.0248428 0.99965 0.94539
0.449159 -0.893112 0.0246607 26.6776 0.893373 0.449315 0.000907575 51.3518 -0.011891 0.0216235 0.999695 0.953283
0.447878 -0.893798 0.0230344 27.0682 0.893989 0.448072 0.00382902 52.1481 -0.0137435 0.0188776 0.999727 0.961274
0.446794 -0.894354 0.0225002 27.4536 0.894544 0.446968 0.00311507 52.9295 -0.0128428 0.0187356 0.999742 0.96385
0.445318 -0.895111 0.0216298 27.8303 0.89527 0.445503 0.00440795 53.7013 -0.0135817 0.0174016 0.999756 0.966507
0.443951 -0.895809 0.020807 28.2007 0.895938 0.444144 0.00553715 54.4612 -0.0142016 0.0161836 0.999768 0.971258
0.442482 -0.896523 0.0213889 28.5665 0.89665 0.442695 0.00631708 55.2091 -0.0151322 0.0163832 0.999751 0.974833
0.441153 -0.897158 0.0221658 28.9268 0.897293 0.441385 0.00668022 55.9464 -0.0157769 0.0169423 0.999732 0.976089
0.439833 -0.897828 0.0212625 29.2769 0.897899 0.440096 0.009632 56.6731 -0.0180054 0.0148552 0.999728 0.977711
