0.492806 -0.869677 0.0283495 0.699103 0.870006 0.493038 0.00141111 0.547128 -0.0152046 0.0239688 0.999597 0.779446
0.489352 -0.871597 0.0292223 1.0992 0.871913 0.489649 0.00357084 1.27245 -0.017421 0.0237319 0.999567 0.771147
0.48582 -0.873507 0.031047 1.51545 0.87384 0.486186 0.0050841 1.99623 -0.0195356 0.0246602 0.999505 0.764158
0.483254 -0.87496 0.0301865 1.893 0.87526 0.483619 0.00578247 2.69202 -0.0196582 0.0236266 0.999528 0.758094
0.481697 -0.875815 0.030263 2.29728 0.876135 0.482042 0.00489858 3.44289 -0.0188783 0.0241548 0.99953 0.741711
0.480283 -0.876539 0.0317286 2.69585 0.876914 0.480631 0.00392706 4.16301 -0.018692 0.0259371 0.999489 0.736282
0.478477 -0.877491 0.0327058 3.10015 0.877888 0.478848 0.00413687 4.9175 -0.0192912 0.0267327 0.999456 0.722719
0.477316 -0.878043 0.0347829 3.51572 0.878522 0.477693 0.00297738 5.68552 -0.0192299 0.0291364 0.99939 0.710604
0.475981 -0.878833 0.0330878 3.91006 0.879283 0.476296 0.00190645 6.43256 -0.017435 0.0281861 0.999451 0.701634
0.474735 -0.879589 0.0308042 4.32129 0.880003 0.474969 0.000301846 7.20607 -0.0148965 0.0269645 0.999525 0.69242
0.473271 -0.880513 0.0266597 4.74039 0.88081 0.473468 0.00121255 8.00511 -0.0136902 0.0229083 0.999644 0.68177
0.472144 -0.881173 0.0247979 5.1457 0.881415 0.472337 0.00224703 8.78133 -0.013693 0.0207963 0.99969 0.672327
0.471021 -0.88176 0.0252603 5.57097 0.881994 0.471248 0.00356908 9.58025 -0.0150509 0.0205983 0.999675 0.666236
0.469779 -0.882392 0.0263023 5.9968 0.882633 0.470041 0.00447275 10.3965 -0.0163099 0.0211141 0.999644 0.659232
0.46879 -0.882885 0.0273789 6.41905 0.883151 0.469069 0.00444593 11.191 -0.0167678 0.0220955 0.999615 0.65591
0.467253 -0.883699 0.0273824 6.84019 0.883981 0.46751 0.0034919 11.9995 -0.0158874 0.0225739 0.999619 0.646338
0.46632 -0.884181 0.0277359 7.2697 0.884477 0.466574 0.00312294 12.8309 -0.0157021 0.0230755 0.99961 0.634822
0.46571 -0.884499 0.0278493 7.69926 0.884772 0.466001 0.00469563 13.6452 -0.0171311 0.0224535 0.999601 0.628211
0.465564 -0.884591 0.0273658 8.12485 0.884781 0.465928 0.00854796 14.465 -0.0203119 0.0202331 0.999589 0.6176
0.46725 -0.883697 0.0275226 8.55679 0.883838 0.467665 0.0109537 15.2788 -0.0225511 0.0192074 0.999561 0.611369
0.46749 -0.883468 0.0306176 8.98734 0.883631 0.468014 0.0126127 16.0865 -0.0254724 0.0211584 0.999452 0.559397
0.469478 -0.882311 0.0334405 9.41856 0.882564 0.47005 0.0115353 16.891 -0.0258964 0.0240978 0.999374 0.542066
0.471055 -0.881468 0.0334764 9.86816 0.88177 0.471581 0.0096198 17.7511 -0.0242664 0.0249871 0.999393 0.529349
0.472502 -0.880713 0.0329513 10.2966 0.881092 0.472912 0.00551699 18.5841 -0.0204419 0.0264263 0.999442 0.541613
0.473332 -0.880397 0.0293021 10.7421 0.880727 0.473614 0.00312852 19.4185 -0.0166322 0.0243264 0.999566 0.534938
0.473795 -0.880215 0.0272046 11.2033 0.880474 0.474073 0.00447932 20.3012 -0.0168398 0.0218307 0.99962 0.509159
0.474075 -0.880031 0.0282409 11.6834 0.880243 0.474452 0.00821936 21.1706 -0.0206323 0.0209622 0.999567 0.47716
0.472542 -0.88062 0.0348239 12.1526 0.880962 0.473095 0.00932654 22.0346 -0.0246882 0.0262714 0.99935 0.446137
0.47162 -0.880637 0.0453121 12.6118 0.881443 0.472271 0.0042482 22.8541 -0.0251407 0.0379365 0.998964 0.439655
0.470534 -0.881131 0.0469719 13.0521 0.882116 0.471033 -0.000499821 23.7195 -0.0216849 0.0416699 0.998896 0.433117
0.46949 -0.881889 0.043026 13.5231 0.882756 0.469824 -0.00262454 24.5971 -0.0179001 0.0392137 0.999071 0.440491
0.468247 -0.882783 0.0379244 14.0041 0.883445 0.468532 -0.00153936 25.5526 -0.0164099 0.0342249 0.999279 0.438151
0.466679 -0.883661 0.036803 14.4351 0.884248 0.467018 0.00068889 26.3766 -0.0177964 0.0322214 0.999322 0.442674
0.465709 -0.884103 0.0384345 14.8874 0.884718 0.466123 0.00208096 27.2456 -0.019755 0.0330345 0.999259 0.408091
0.464484 -0.884858 0.0357858 15.3843 0.885344 0.464917 0.00440686 28.2013 -0.0205369 0.0296358 0.99935 0.419499
0.463463 -0.88541 0.0353719 15.8551 0.885826 0.463964 0.00707741 29.0932 -0.0226777 0.0280533 0.999349 0.385795
0.462969 -0.885714 0.0342142 16.307 0.885984 0.463566 0.0117823 29.9953 -0.0262963 0.0248584 0.999345 0.372954
0.462781 -0.885862 0.0328862 16.7587 0.885971 0.463448 0.0164457 30.8819 -0.0298097 0.0215255 0.999324 0.361602
0.462676 -0.885868 0.0341951 17.2293 0.886035 0.46336 0.0154834 31.7739 -0.0295609 0.0231343 0.999295 0.327207
0.463049 -0.885648 0.0348437 17.7045 0.885899 0.463694 0.0130562 32.6683 -0.02772 0.0248223 0.999307 0.31865
0.463693 -0.885411 0.0321971 18.1383 0.885624 0.464246 0.0121145 33.5226 -0.0256737 0.0228971 0.999408 0.306856
0.462889 -0.885897 0.0303338 18.5837 0.886051 0.46341 0.0128611 34.4183 -0.0254506 0.020924 0.999457 0.284656
0.461925 -0.88635 0.0317581 19.0566 0.88653 0.462487 0.013075 35.2908 -0.0262767 0.0221149 0.99941 0.281015
0.461216 -0.886692 0.0325092 19.5018 0.886845 0.461834 0.0146925 36.1888 -0.0280416 0.0220542 0.999363 0.23666
0.461186 -0.886698 0.0327585 19.9452 0.886923 0.461755 0.0122215 37.0174 -0.0259632 0.0234179 0.999389 0.251115
0.460654 -0.887083 0.029697 20.4022 0.887321 0.461069 0.00871183 37.9011 -0.0214205 0.0223377 0.999521 0.222008
0.459856 -0.887613 0.0260006 20.8449 0.887793 0.460177 0.0077687 38.7961 -0.0188605 0.0195106 0.999632 0.225702
0.459456 -0.88795 0.0210719 21.2794 0.88794 0.459767 0.0133346 39.6356 -0.0215287 0.0125839 0.999689 0.219722
0.45955 -0.887734 0.0272332 21.7412 0.887805 0.460011 0.0138376 40.5082 -0.0248117 0.0178187 0.999533 0.222377
0.459027 -0.887837 0.0322383 22.177 0.888028 0.459602 0.0131127 41.4089 -0.0264587 0.0226094 0.999394 0.193159
0.458957 -0.887654 0.0377898 22.6455 0.888091 0.459575 0.00921284 42.2707 -0.0255451 0.0293325 0.999243 0.170752
0.459013 -0.887546 0.0396157 23.0943 0.888104 0.459596 0.00657767 43.1385 -0.0240452 0.0321636 0.999193 0.163021
0.457895 -0.888184 0.0382417 23.5107 0.888681 0.458468 0.0073523 43.9775 -0.0240628 0.0306181 0.999241 0.162728
0.457201 -0.888491 0.0393858 23.9535 0.88893 0.457913 0.0109606 44.8334 -0.0277736 0.03 0.999164 0.148642
0.456841 -0.888444 0.0443155 24.3941 0.888944 0.4578 0.014068 45.6741 -0.0327863 0.0329671 0.998919 0.130621
0.455408 -0.88894 0.048871 24.8101 0.889581 0.456543 0.014662 46.5255 -0.0353453 0.0367975 0.998697 0.0925198
0.453737 -0.88974 0.0498609 25.2182 0.890521 0.454792 0.01172 47.3662 -0.0331041 0.0390844 0.998687 0.0644749
0.453201 -0.89016 0.0471631 25.6422 0.891025 0.453923 0.00533071 48.2018 -0.0261536 0.0396076 0.998873 0.040107
0.452202 -0.89085 0.0435798 26.0402 0.891684 0.452658 0.000655776 49.0131 -0.0203109 0.0385629 0.99905 0.0413204
0.452508 -0.890952 0.0379516 26.4575 0.891521 0.452963 0.00389725 49.843 -0.0206629 0.0320711 0.999272 0.0177085
0.451846 -0.89139 0.0354711 26.8239 0.891808 0.452353 0.00742024 50.6109 -0.0226598 0.0282806 0.999343 -0.00110989
0.450396 -0.892118 0.0356264 27.2107 0.8925 0.450955 0.00915973 51.3823 -0.0242375 0.0276711 0.999323 0.00182028
0.449321 -0.892566 0.0378953 27.6167 0.893051 0.44989 0.00764043 52.1827 -0.0238683 0.0304095 0.999252 -0.0177576
0.447925 -0.893348 0.0359357 27.9759 0.893723 0.44851 0.00986843 52.9435 -0.0249335 0.0276962 0.999305 -0.0289473
0.44632 -0.894251 0.0333785 28.3735 0.894537 0.446865 0.0107664 53.7134 -0.0245436 0.025053 0.999385 -0.00819815
0.444947 -0.894945 0.0331061 28.7489 0.895203 0.445506 0.0116319 54.4566 -0.0251589 0.0244612 0.999384 -0.0304073
0.444238 -0.895268 0.0338841 29.0849 0.895533 0.44483 0.0121634 55.1532 -0.0259622 0.0249409 0.999352 -0.0218374
0.44239 -0.896256 0.0318694 29.4615 0.896412 0.442983 0.0145255 55.9376 -0.0271362 0.0221422 0.999386 -0.0290423
